# Corrupting settings will restore them to their defaults

# Audio
globalVolume = 31.405893318224475
soundVolume = 43.87754907854732
musicVolume = 25.736958881714113

# Screen
windowedMode = true
windowSizeX = 737
windowSizeY = 536
windowLocationX = 205
windowLocationY = 130
