# Corrupting settings will restore them to their defaults

# Audio
globalVolume = 61.52073229217088
soundVolume = 43.54312768676996
musicVolume = 62.89238184589784

# Screen
windowedMode = true
windowSizeX = 832
windowSizeY = 578
windowLocationX = 156
windowLocationY = 161
