# Corrupting settings will restore them to their defaults

# Audio
globalVolume = 68.13481402362783
soundVolume = 36.95652221987359
musicVolume = 67.14975966486685

# Screen
windowedMode = true
windowSizeX = 1051
windowSizeY = 720
windowLocationX = 729
windowLocationY = 150
