# Corrupting settings will restore them to their defaults

# Audio
globalVolume = 56.87499773999063
soundVolume = 43.54312768676996
musicVolume = 62.89238184589784

# Screen
windowedMode = true
windowSizeX = 1007
windowSizeY = 639
windowLocationX = 242
windowLocationY = 145
