# Corrupting settings will restore them to their defaults

# Audio
globalVolume = 56.249997764825906
soundVolume = 18.229165942304697
musicVolume = 75.52083033240518

# Screen
windowedMode = true
windowSizeX = 728
windowSizeY = 591
windowLocationX = 433
windowLocationY = 179
